"","ARG","LYS","ASN","ASP","GLN","GLU","HIS","PRO","TYR","TRP","SER","THR","GLY","ALA","MET","CYS","PHE","LEU","VAL","ILE"
"ARG",674,972,2680,4026,1008,2422,598,1082,4158,1090,4284,2186,3560,1536,224,286,1224,1264,1030,954
"LYS",972,412,2472,4066,672,1670,498,950,4466,1148,4522,2090,2934,1178,128,110,820,878,728,644
"ASN",2680,2472,2274,3544,1792,2236,1152,2122,5220,1770,6540,3516,5498,2434,328,546,1818,1896,1702,1482
"ASP",4026,4066,3544,924,1286,1114,984,1522,4614,1072,5568,2788,4196,1682,226,264,1076,1256,1184,880
"GLN",1008,672,1792,1286,296,532,366,686,2704,718,2958,1860,2260,890,130,86,614,618,554,556
"GLU",2422,1670,2236,1114,532,272,660,744,3772,784,4602,1902,2920,1160,178,112,644,708,786,594
"HIS",598,498,1152,984,366,660,190,646,1818,454,1744,996,1534,714,90,88,568,548,550,478
"PRO",1082,950,2122,1522,686,744,646,368,4544,1208,3500,1676,2724,1204,170,152,1062,1058,826,822
"TYR",4158,4466,5220,4614,2704,3772,1818,4544,2074,1502,6040,4556,6584,3754,746,920,2540,3606,3022,2646
"TRP",1090,1148,1770,1072,718,784,454,1208,1502,318,1670,1322,2026,1238,228,312,876,1154,898,774
"SER",4284,4522,6540,5568,2958,4602,1744,3500,6040,1670,3912,5340,7420,3906,600,610,2430,3198,2778,2276
"THR",2186,2090,3516,2788,1860,1902,996,1676,4556,1322,5340,1504,4714,2064,314,284,1548,1842,1524,1464
"GLY",3560,2934,5498,4196,2260,2920,1534,2724,6584,2026,7420,4714,3406,2918,496,592,2372,2500,2410,2066
"ALA",1536,1178,2434,1682,890,1160,714,1204,3754,1238,3906,2064,2918,640,254,162,1262,1444,1076,1038
"MET",224,128,328,226,130,178,90,170,746,228,600,314,496,254,16,16,324,264,180,206
"CYS",286,110,546,264,86,112,88,152,920,312,610,284,592,162,16,64,274,284,182,176
"PHE",1224,820,1818,1076,614,644,568,1062,2540,876,2430,1548,2372,1262,324,274,544,1480,1134,1054
"LEU",1264,878,1896,1256,618,708,548,1058,3606,1154,3198,1842,2500,1444,264,284,1480,922,1256,1246
"VAL",1030,728,1702,1184,554,786,550,826,3022,898,2778,1524,2410,1076,180,182,1134,1256,406,902
"ILE",954,644,1482,880,556,594,478,822,2646,774,2276,1464,2066,1038,206,176,1054,1246,902,498
