"","ARG","LYS","ASN","ASP","GLN","GLU","HIS","PRO","TYR","TRP","SER","THR","GLY","ALA","MET","CYS","PHE","LEU","VAL","ILE"
"ARG",0.510925444764507,-0.674417437837527,-1.84745169432056,-3.16495318807844,-1.63770527638219,-3.07024828394062,-1.106223838999,-1.29044589238468,-2.1588048194711,-1.94452133464572,-1.89119355993237,-1.54466433630546,-1.95120296652419,-1.70558812887153,-1.27087238069065,-1.15303005248383,-1.97421775679557,-1.48646793078617,-1.31667906134114,-1.33084794645836
"LYS",-0.674417437837527,1.17567143008621,-1.92489241965194,-3.46717883219829,-0.910274561678266,-2.42634769587399,-0.930307239195713,-1.24563418762234,-2.61366887947905,-2.35075891144796,-2.3029434897576,-1.71105141095694,-1.74949686313054,-1.32546917796695,-0.161302130694954,0.937965531442975,-1.25890931563595,-0.860862456005673,-0.734151040763434,-0.634405135246964
"ASN",-1.84745169432056,-1.92489241965194,-0.376719914535608,-1.78534722889352,-2.00054240541614,-1.80867298005012,-1.66812452524662,-1.89668045056633,-1.6591955369743,-2.08285453546821,-1.87644395568885,-1.6593199629035,-1.96514489179754,-1.78331600073256,-1.15279196714432,-1.69252820815105,-1.89145133073151,-1.42812534760433,-1.49825439514715,-1.35931752947318
"ASP",-3.16495318807844,-3.46717883219829,-1.78534722889352,1.23851433806556,-1.48667714224374,-0.390132054477651,-1.58601862177333,-1.38148125728878,-1.66193762790923,-1.14840759799546,-1.78622602489494,-1.39284948402468,-1.60384469966581,-1.1758517684968,-0.538073744363416,-0.199769843186539,-0.89990546211399,-0.715893858396184,-0.907267925498601,-0.375854776587181
"GLN",-1.63770527638219,-0.910274561678266,-2.00054240541614,-1.48667714224374,0.249122328564212,-0.463664248083613,-1.03999013039865,-1.31164301558989,-2.24293582093097,-2.06047928767926,-2.12388667568565,-2.29516325311626,-1.97560568487928,-1.50360926282984,-1.07286945776268,0.674996962184865,-1.41484373165746,-0.863473885066899,-0.930178449375431,-1.14329704332653
"GLU",-3.07024828394062,-2.42634769587399,-1.80867298005012,-0.390132054477651,-0.463664248083613,1.93996318580731,-1.76101310175165,-0.772235555647894,-2.32751695390804,-1.53786964129661,-2.47893766766248,-1.60990647894636,-1.87016055134559,-1.41981823985578,-1.1112814300966,0.760776753817536,-0.792489900632618,-0.45989636113525,-1.05670153320015,-0.566574728418568
"HIS",-1.106223838999,-0.930307239195713,-1.66812452524662,-1.58601862177333,-1.03999013039865,-1.76101310175165,-0.177620284512728,-1.92559485906471,-2.02167032600855,-1.68705969268343,-1.57703706422616,-1.50970376773144,-1.7779131300788,-1.72027563310168,-0.924165240562235,-0.144879566224384,-1.98468081452065,-1.32835094810363,-1.67510011538267,-1.53146296045588
"PRO",-1.29044589238468,-1.24563418762234,-1.89668045056633,-1.38148125728878,-1.31164301558989,-0.772235555647894,-1.92559485906471,0.755144227530814,-3.00684483532929,-2.8273043155882,-2.01809823680519,-1.51405532744317,-1.91564644660288,-1.72984211655128,-1.21501667282187,-0.213996693871591,-2.25024400833854,-1.67342197450509,-1.3974864267784,-1.58963767351459
"TYR",-2.1588048194711,-2.61366887947905,-1.6591955369743,-1.66193762790923,-2.24293582093097,-2.32751695390804,-2.02167032600855,-3.00684483532929,1.40643360594883,-0.898380577377919,-0.901814471267931,-1.52421428808859,-1.63453785949163,-2.0799650580755,-2.41234919802622,-2.20849129847731,-1.9430292782897,-2.24429044599623,-2.14401827104895,-2.01881929236623
"TRP",-1.94452133464572,-2.35075891144796,-2.08285453546821,-1.14840759799546,-2.06047928767926,-1.53786964129661,-1.68705969268343,-2.8273043155882,-0.898380577377919,-0.154471245763037,-0.819602457373115,-1.5616910748917,-1.81758213763391,-2.43469073016712,-2.57853401110361,-2.63251563482466,-2.40874348605427,-2.52454648015323,-2.24048343209234,-2.07629375835054
"SER",-1.89119355993237,-2.3029434897576,-1.87644395568885,-1.78622602489494,-2.12388667568565,-2.47893766766248,-1.57703706422616,-2.01809823680519,-0.901814471267931,-0.819602457373115,0.516568972898977,-1.57621465861459,-1.58925232034625,-1.83674450883405,-1.53081629521514,-0.848216970071597,-1.49166019320518,-1.60501145860379,-1.59370040707607,-1.30379188414575
"THR",-1.54466433630546,-1.71105141095694,-1.6593199629035,-1.39284948402468,-2.29516325311626,-1.60990647894636,-1.50970376773144,-1.51405532744317,-1.52421428808859,-1.5616910748917,-1.57621465861459,0.243543769588687,-1.78604927042038,-1.57684586885919,-1.2469489864324,-0.274435446086876,-1.69518705930029,-1.55878850879685,-1.42670278236677,-1.53131641588009
"GLY",-1.95120296652419,-1.74949686313054,-1.96514489179754,-1.60384469966581,-1.97560568487928,-1.87016055134559,-1.7779131300788,-1.91564644660288,-1.63453785949163,-1.81758213763391,-1.58925232034625,-1.78604927042038,-0.177940850106563,-1.63276824311233,-1.57786766941899,-1.29290343026475,-1.95071133309687,-1.51353345192664,-1.76036162656909,-1.58275019541963
"ALA",-1.70558812887153,-1.32546917796695,-1.78331600073256,-1.1758517684968,-1.50360926282984,-1.41981823985578,-1.72027563310168,-1.72984211655128,-2.0799650580755,-2.43469073016712,-1.83674450883405,-1.57684586885919,-1.63276824311233,0.290154461522317,-1.75699787558743,0.0814779219910433,-2.22455407119365,-1.99105585151789,-1.59953509474327,-1.71458870142087
"MET",-1.27087238069065,-0.161302130694954,-1.15279196714432,-0.538073744363416,-1.07286945776268,-1.1112814300966,-0.924165240562235,-1.21501667282187,-2.41234919802622,-2.57853401110361,-1.53081629521514,-1.2469489864324,-1.57786766941899,-1.75699787558743,0.75872603156745,1.48230149624805,-3.19191445134672,-2.11676179664585,-1.50504219520259,-2.04369243522555
"CYS",-1.15303005248383,0.937965531442975,-1.69252820815105,-0.199769843186539,0.674996962184865,0.760776753817536,-0.144879566224384,-0.213996693871591,-2.20849129847731,-2.63251563482466,-0.848216970071597,-0.274435446086876,-1.29290343026475,0.0814779219910433,1.48230149624805,-1.23074676028756,-2.05282038675296,-1.57421564166716,-0.808859274428537,-0.929941771815162
"PHE",-1.97421775679557,-1.25890931563595,-1.89145133073151,-0.89990546211399,-1.41484373165746,-0.792489900632618,-1.98468081452065,-2.25024400833854,-1.9430292782897,-2.40874348605427,-1.49166019320518,-1.69518705930029,-1.95071133309687,-2.22455407119365,-3.19191445134672,-2.05282038675296,-0.96997120835082,-2.88360639183701,-2.56118948609236,-2.58401418293573
"LEU",-1.48646793078617,-0.860862456005673,-1.42812534760433,-0.715893858396184,-0.863473885066899,-0.45989636113525,-1.32835094810363,-1.67342197450509,-2.24429044599623,-2.52454648015323,-1.60501145860379,-1.55878850879685,-1.51353345192664,-1.99105585151789,-2.11676179664585,-1.57421564166716,-2.88360639183701,-1.14294702308892,-2.24702853907452,-2.43139753742438
"VAL",-1.31667906134114,-0.734151040763434,-1.49825439514715,-0.907267925498601,-0.930178449375431,-1.05670153320015,-1.67510011538267,-1.3974864267784,-2.14401827104895,-2.24048343209234,-1.59370040707607,-1.42670278236677,-1.76036162656909,-1.59953509474327,-1.50504219520259,-0.808859274428537,-2.56118948609236,-2.24702853907452,0.214872719655918,-1.96820244387705
"ILE",-1.33084794645836,-0.634405135246964,-1.35931752947318,-0.375854776587181,-1.14329704332653,-0.566574728418568,-1.53146296045588,-1.58963767351459,-2.01881929236623,-2.07629375835054,-1.30379188414575,-1.53131641588009,-1.58275019541963,-1.71458870142087,-2.04369243522555,-0.929941771815162,-2.58401418293573,-2.43139753742438,-1.96820244387705,-0.699825890536345
