"","ARG","LYS","ASN","ASP","GLN","GLU","HIS","PRO","TYR","TRP","SER","THR","GLY","ALA","MET","CYS","PHE","LEU","VAL","ILE"
"ARG",0.510841561665287,-0.674330140487246,-1.84725913327724,-3.16468890843144,-1.63752807482771,-3.06998798606036,-1.10609190578045,-1.29029715828256,-2.15859172559332,-1.94432209338934,-1.89099795623205,-1.5444943753224,-1.95100327499639,-1.70540581342064,-1.27072537298062,-1.15289373157112,-1.97401652357009,-1.48630263882533,-1.31652803473414,-1.33069569169103
"LYS",-0.674330140487246,1.17544904125404,-1.92469450821798,-3.46690281683667,-0.910161923474901,-2.42611890525987,-0.930192557672114,-1.24548942614432,-2.61343006456599,-2.35053438531549,-2.30272172913827,-1.71086868999029,-1.74931131365556,-1.32531738860547,-0.161279042442433,0.937796984091822,-1.25876336980395,-0.860754928958732,-0.734057095834128,-0.63432238116914
"ASN",-1.84725913327724,-1.92469450821798,-0.376668243902507,-1.78515908106604,-2.00033942623312,-1.80848316169066,-1.66794501476169,-1.89648446897674,-1.65901670129677,-2.08264621510218,-1.87624937196858,-1.65914111780579,-1.96494426463003,-1.78312799912187,-1.15265566834119,-1.69234686571056,-1.89125570925945,-1.42796484771016,-1.4980881487022,-1.35916282807921
"ASP",-3.16468890843144,-3.46690281683667,-1.78515908106604,1.23827683107074,-1.48651183330107,-0.390078685064382,-1.58584540897439,-1.38132467053764,-1.6617585847398,-1.14827170672242,-1.78603781384495,-1.39269193675553,-1.60367010179074,-1.17571333809275,-0.538002233934596,-0.199741467088292,-0.899793888054568,-0.71580192828718,-0.907155595397631,-0.375803215848185
"GLN",-1.63752807482771,-0.910161923474901,-2.00033942623312,-1.48651183330107,0.249083583594875,-0.463601726647233,-1.03986454930653,-1.31149242720132,-2.24271760732267,-2.06027240172283,-2.12367575827633,-2.29494194755162,-1.97540435913708,-1.50344258423719,-1.07274070217562,0.674882263025836,-1.41468433851957,-0.863366085338291,-0.930063780935648,-1.14316162799355
"GLU",-3.06998798606036,-2.42611890525987,-1.80848316169066,-0.390078685064382,-0.463601726647233,1.93952816192232,-1.76082671350621,-0.772137455253966,-2.32729376536528,-1.53770021980894,-2.47870598586262,-1.60973141233903,-1.86996640398846,-1.41965843149779,-1.11114901876919,0.760645113123053,-0.792389616117756,-0.459834302091974,-1.05657433336337,-0.566499845774673
"HIS",-1.10609190578045,-0.930192557672114,-1.66794501476169,-1.58584540897439,-1.03986454930653,-1.76082671350621,-0.177594943111886,-1.92539689985992,-2.02146595888517,-1.68687875919165,-1.57686455307124,-1.50953659843535,-1.77772551797427,-1.72009222948584,-0.924051183764452,-0.144858760558448,-1.98447888512197,-1.32819890926719,-1.6749200794066,-1.53129404901163
"PRO",-1.29029715828256,-1.24548942614432,-1.89648446897674,-1.38132467053764,-1.31149242720132,-0.772137455253966,-1.92539689985992,0.755013717331019,-3.00658728946225,-2.8270549555533,-2.01789410351027,-1.51388780851554,-1.91544916522355,-1.72965800763474,-1.21487466721812,-0.213966382811988,-2.2500253581431,-1.67324206481313,-1.39732848899008,-1.58946417871111
"TYR",-2.15859172559332,-2.61343006456599,-1.65901670129677,-1.6617585847398,-2.24271760732267,-2.32729376536528,-2.02146595888517,-3.00658728946225,1.40615377139951,-0.898269160187732,-0.90170270095925,-1.52404595531118,-1.63436089998804,-2.079756922218,-2.4121211873848,-2.20827515998252,-1.94283013774802,-2.24407215136615,-2.14380609508473,-2.01861511184397
"TRP",-1.94432209338934,-2.35053438531549,-2.08264621510218,-1.14827170672242,-2.06027240172283,-1.53770021980894,-1.68687875919165,-2.8270549555533,-0.898269160187732,-0.154449105105024,-0.819499276973562,-1.56151976847119,-1.81739168535946,-2.43446147678349,-2.57829701914481,-2.63227585265171,-2.40851567703136,-2.52431234014564,-2.24026536527704,-2.07608585723549
"SER",-1.89099795623205,-2.30272172913827,-1.87624937196858,-1.78603781384495,-2.12367575827633,-2.47870598586262,-1.57686455307124,-2.01789410351027,-0.90170270095925,-0.819499276973562,0.516484063343143,-1.57604221183355,-1.58907885555076,-1.83655270079049,-1.53064743532595,-0.848110767518571,-1.49149448020853,-1.604836770419,-1.59352659618544,-1.30364198071223
"THR",-1.5444943753224,-1.71086868999029,-1.65914111780579,-1.39269193675553,-2.29494194755162,-1.60973141233903,-1.50953659843535,-1.51388780851554,-1.52404595531118,-1.56151976847119,-1.57604221183355,0.243505935521829,-1.7858610720847,-1.5766733726682,-1.24680410737013,-0.274397037549963,-1.6950055183502,-1.55861743108164,-1.42654240073157,-1.53114751611785
"GLY",-1.95100327499639,-1.74931131365556,-1.96494426463003,-1.60367010179074,-1.97540435913708,-1.86996640398846,-1.77772551797427,-1.91544916522355,-1.63436089998804,-1.81739168535946,-1.58907885555076,-1.7858610720847,-0.177915464591598,-1.6325914189758,-1.57769509327003,-1.29275448036823,-1.95051167465862,-1.51336597489737,-1.76017528566912,-1.58257723765774
"ALA",-1.70540581342064,-1.32531738860547,-1.78312799912187,-1.17571333809275,-1.50344258423719,-1.41965843149779,-1.72009222948584,-1.72965800763474,-2.079756922218,-2.43446147678349,-1.83655270079049,-1.5766733726682,-1.6325914189758,0.290108953216526,-1.75681177934353,0.0814656759139187,-2.22433696140751,-1.99085349938602,-1.59936083080981,-1.71440571837267
"MET",-1.27072537298062,-0.161279042442433,-1.15265566834119,-0.538002233934596,-1.07274070217562,-1.11114901876919,-0.924051183764452,-1.21487466721812,-2.4121211873848,-2.57829701914481,-1.53064743532595,-1.24680410737013,-1.57769509327003,-1.75681177934353,0.758594802767229,1.48200157708095,-3.19164906568107,-2.11655132711253,-1.50487540112787,-2.04348663395537
"CYS",-1.15289373157112,0.937796984091822,-1.69234686571056,-0.199741467088292,0.674882263025836,0.760645113123053,-0.144858760558448,-0.213966382811988,-2.20827515998252,-2.63227585265171,-0.848110767518571,-0.274397037549963,-1.29275448036823,0.0814656759139187,1.48200157708095,-1.23060333457209,-2.05261399476719,-1.57404335144845,-0.808757237718714,-0.929827127421335
"PHE",-1.97401652357009,-1.25876336980395,-1.89125570925945,-0.899793888054568,-1.41468433851957,-0.792389616117756,-1.98447888512197,-2.2500253581431,-1.94283013774802,-2.40851567703136,-1.49149448020853,-1.6950055183502,-1.95051167465862,-2.22433696140751,-3.19164906568107,-2.05261399476719,-0.969852529511258,-2.88335440072404,-2.56095340361487,-2.58377690493774
"LEU",-1.48630263882533,-0.860754928958732,-1.42796484771016,-0.71580192828718,-0.863366085338291,-0.459834302091974,-1.32819890926719,-1.67324206481313,-2.24407215136615,-2.52431234014564,-1.604836770419,-1.55861743108164,-1.51336597489737,-1.99085349938602,-2.11655132711253,-1.57404335144845,-2.88335440072404,-1.14281164038883,-2.24681008081092,-2.4311684665208
"VAL",-1.31652803473414,-0.734057095834128,-1.4980881487022,-0.907155595397631,-0.930063780935648,-1.05657433336337,-1.6749200794066,-1.39732848899008,-2.14380609508473,-2.24026536527704,-1.59352659618544,-1.42654240073157,-1.76017528566912,-1.59936083080981,-1.50487540112787,-0.808757237718714,-2.56095340361487,-2.24681008081092,0.214839534981291,-1.9680016122204
"ILE",-1.33069569169103,-0.63432238116914,-1.35916282807921,-0.375803215848185,-1.14316162799355,-0.566499845774673,-1.53129404901163,-1.58946417871111,-2.01861511184397,-2.07608585723549,-1.30364198071223,-1.53114751611785,-1.58257723765774,-1.71440571837267,-2.04348663395537,-0.929827127421335,-2.58377690493774,-2.4311684665208,-1.9680016122204,-0.69973574596768
